1 177 353.000000
529 705 881.000000
1057 1233 1409.000000
1585 1761 1937.000000
2113 2289 2465.000000
2641 2817 2993.000000
3169 3345 3521.000000
3697 3873 4049.000000
4225 4401 4577.000000
4753 4929 5105.000000
5281 5457 5633.000000
5809 5985 6161.000000
6337 6513 6689.000000
6865 7041 7217.000000
7393 7569 7745.000000
7921 8097 8273.000000
8449 8625 8801.000000
8977 9153 9329.000000
9505 9681 9857.000000
10033 10209 10385.000000
10561 10737 10913.000000
11089 11265 11441.000000
11617 11793 11969.000000
12145 12321 12497.000000
12673 12849 13025.000000
13201 13377 13553.000000
13729 13905 14081.000000
14257 14433 14609.000000
14785 14961 15137.000000
15313 15314 15315.000000
15316 15317 15318.000000
15319 15320 15321.000000
15322 15323 15324.000000
15325 15326 15327.000000
15328 15329 15330.000000
15331 15332 15333.000000
15334 15335 15336.000000
15337 15338 15339.000000
15340 15341 15342.000000
15343 15344 15345.000000
15346 15347 15348.000000
15349 15350 15351.000000
15352 15353 15354.000000
15355 15356 15357.000000
15358 15359 15360.000000
15361 15362 15363.000000
15364 15365 15366.000000
15367 15368 15369.000000
15370 15371 15372.000000
15373 15374 15375.000000
15376 15377 15378.000000
15379 15380 15381.000000
15382 15383 15384.000000
15385 15386 15387.000000
15388 15389 15390.000000
15391 15392 15393.000000
15394 15395 15396.000000
15397 15398 15399.000000
15400 89 265.000000
441 617 793.000000
969 1145 1321.000000
1497 1673 1849.000000
2025 2201 2377.000000
2553 2729 2905.000000
3081 3257 3433.000000
3609 3785 3961.000000
4137 4313 4489.000000
4665 4841 5017.000000
5193 5369 5545.000000
5721 5897 6073.000000
6249 6425 6601.000000
6777 6953 7129.000000
7305 7481 7657.000000
7833 8009 8185.000000
8361 8537 8713.000000
8889 9065 9241.000000
9417 9593 9769.000000
9945 10121 10297.000000
10473 10649 10825.000000
11001 11177 11353.000000
11529 11705 11881.000000
12057 12233 12409.000000
12585 12761 12937.000000
13113 13289 13465.000000
13641 13817 13993.000000
14169 14345 14521.000000
14697 14873 15049.000000
15225 15401 15402.000000
15403 15404 15405.000000
15406 15407 15408.000000
15409 15410 15411.000000
15412 15413 15414.000000
15415 15416 15417.000000
15418 15419 15420.000000
15421 15422 15423.000000
15424 15425 15426.000000
15427 15428 15429.000000
15430 15431 15432.000000
15433 15434 15435.000000
15436 15437 15438.000000
15439 15440 15441.000000
15442 15443 15444.000000
15445 15446 15447.000000
15448 15449 15450.000000
15451 15452 15453.000000
15454 15455 15456.000000
15457 15458 15459.000000
15460 15461 15462.000000
15463 15464 15465.000000
15466 15467 15468.000000
15469 15470 15471.000000
15472 15473 15474.000000
15475 15476 15477.000000
15478 15479 15480.000000
15481 15482 15483.000000
15484 15485 15486.000000
15487 15488 1.000000
1 1 1.000000
1 1 1.000000
1 1 1.000000
1 1 1.000000
1 1 1.000000
1 1 1.000000
1 1 1.000000
1 1 1.000000
1 1 1.000000
1 1 1.000000
1 1 1.000000
1 1 1.000000
1 1 1.000000
1 1 1.000000
1 1 1.000000
1 1 1.000000
1 1 1.000000
1 1 1.000000
1 1 1.000000
1 1 1.000000
1 1 1.000000
1 1 1.000000
1 1 1.000000
1 1 1.000000
1 1 1.000000
1 1 1.000000
1 1 1.000000
1 1 1.000000
1 1 1.000000
1 1 1.000000
1 1 1.000000
1 1 1.000000
1 1 1.000000
1 1 1.000000
1 1 1.000000
1 1 1.000000
1 1 1.000000
1 1 1.000000
1 1 1.000000
1 1 1.000000
1 1 1.000000
1 1 1.000000
1 1 1.000000
1 1 1.000000
1 1 1.000000
1 1 1.000000
1 1 1.000000
1 1 1.000000
1 1 1.000000
1 1 1.000000
1 1 1.000000
1 1 1.000000
1 1 1.000000
1 1 1.000000
1 1 1.000000
1 1 1.000000
1 1 1.000000
1 1 1.000000
2 2 2.000000
2 2 2.000000
2 2 2.000000
2 2 2.000000
2 2 2.000000
2 2 2.000000
2 2 2.000000
2 2 2.000000
2 2 2.000000
2 2 2.000000
2 2 2.000000
2 2 2.000000
2 2 2.000000
2 2 2.000000
2 2 2.000000
2 2 2.000000
2 2 2.000000
2 2 2.000000
2 2 2.000000
2 2 2.000000
2 2 2.000000
2 2 2.000000
2 2 2.000000
2 2 2.000000
2 2 2.000000
2 2 2.000000
2 2 2.000000
2 2 2.000000
2 2 2.000000
2 2 2.000000
2 2 2.000000
2 2 2.000000
2 2 2.000000
2 2 2.000000
2 2 2.000000
2 2 2.000000
2 2 2.000000
2 2 2.000000
2 2 2.000000
2 2 2.000000
2 2 2.000000
2 2 2.000000
2 2 2.000000
2 2 2.000000
2 2 2.000000
2 2 2.000000
2 2 2.000000
2 2 2.000000
2 2 2.000000
2 2 2.000000
2 2 2.000000
2 2 2.000000
2 2 2.000000
2 2 2.000000
2 2 2.000000
2 2 2.000000
2 2 2.000000
2 2 2.000000
2 100 100.000000
100 100 100.000000
100 100 100.000000
100 100 100.000000
100 100 100.000000
100 100 100.000000
100 100 100.000000
100 100 100.000000
100 100 100.000000
100 100 100.000000
100 100 100.000000
100 100 100.000000
100 100 100.000000
100 100 100.000000
100 100 100.000000
100 100 100.000000
100 100 100.000000
100 100 100.000000
100 100 100.000000
100 100 100.000000
100 100 100.000000
100 100 100.000000
100 100 100.000000
100 100 100.000000
100 100 100.000000
100 100 100.000000
100 100 100.000000
100 100 100.000000
100 100 100.000000
100 100 100.000000
100 100 100.000000
100 100 100.000000
100 100 100.000000
100 100 100.000000
100 100 100.000000
100 100 100.000000
100 100 100.000000
100 100 100.000000
100 100 100.000000
100 100 100.000000
100 100 100.000000
100 100 100.000000
100 100 100.000000
100 100 100.000000
100 100 100.000000
100 100 100.000000
100 100 100.000000
100 100 100.000000
100 100 100.000000
100 100 100.000000
100 100 100.000000
100 100 100.000000
100 100 100.000000
100 100 100.000000
100 100 100.000000
100 100 100.000000
100 100 100.000000
100 100 100.000000
100 100 100.000000
100 100 100.000000
100 100 100.000000
100 100 100.000000
100 100 100.000000
100 100 100.000000
100 100 100.000000
100 100 100.000000
100 100 100.000000
100 100 100.000000
100 100 100.000000
100 100 100.000000
100 100 100.000000
100 100 100.000000
100 100 100.000000
100 100 100.000000
100 100 100.000000
100 100 100.000000
100 100 100.000000
100 100 100.000000
100 100 100.000000
100 100 100.000000
100 100 100.000000
100 100 100.000000
100 100 100.000000
100 100 100.000000
100 100 100.000000
100 100 100.000000
100 100 100.000000
100 100 100.000000
100 100 100.000000
100 100 100.000000
100 100 100.000000
100 100 100.000000
100 100 100.000000
100 100 100.000000
100 100 100.000000
100 100 100.000000
100 100 100.000000
100 100 100.000000
100 100 100.000000
100 100 100.000000
100 100 100.000000
100 100 100.000000
100 100 100.000000
100 100 100.000000
100 100 100.000000
100 100 100.000000
100 100 100.000000
100 100 100.000000
100 100 100.000000
100 100 100.000000
100 100 100.000000
100 100 100.000000
100 100 100.000000
100 100 100.000000
100 100 100.000000
100 100 100.000000
100 100 100.000000
